-861168992
712656749
538513991
-256172534
1163468287
-1953642311
-665519122
-978098301
-787441988
-1179148125
-797491000
1911594381
1308645098
1837898267
-632431870
1821267685
1549743783
-1664681197
-1032187732
920633120
1205666908
1522035061
1567696793
361432763
695416130
-295261354
-1904610423
425934960
1248959015
101660268
7512713
-1519239222
-1659167631
-1687895363
1862036378
212421883
1105381219
126833817
-127859823
298369517
983146910
2093904330
-950010819
-1535384426
316807915
-1662192119
-1504677426
1487377040
-549055945
-491177294
-1931105676
-843083288
1050195934
-1196718661
-1381266362
-1528849611
1142804524
990901218
-902165147
715288812
1619270175
396907045
-479395231
2122487795
-1940332942
-1022518665
-1746932006
-1707768461
1819732694
1281361840
1958984810
288052722
-1202487934
-1655704380
236878786
-261463648
1731192046
-1904673993
836998162
-1566621200
-1403070502
967574736
-413858642
-928048022
1882769812
-1537457012
302318
1302546111
457883259
-1221702955
-1009365419
-1432184803
1476355262
1810344179
332594420
-165807164
213546345
-873408573
1118663184
1838880985